u = [1057; 1218; 91];
v = [-51; -174; -13];
w = [-2982; 6027; -46032];

c = u' * w == 0