x = [1 : -0.1 : 0];

x([1 4 3]);

x([1 : 2 : 7 10]) = zeros(1, 5);